#DataThief Sunday 15-Sep-2019 3:32:11 PM
-0.0672, 11810.8795
0.2245, 11810.8795
0.5162, 11810.8795
0.808, 11810.8795
1.0997, 11810.8795
1.3914, 11810.8795
1.6831, 11810.8795
1.9748, 11810.8795
2.2665, 11810.8795
2.5583, 11810.8795
2.85, 11810.8795
3.1417, 11810.8795
3.4334, 11810.8795
3.725, 11810.8795
4.0168, 11810.8795
4.3085, 11810.8795
4.6002, 11810.8795
4.892, 11810.8795
5.1837, 11810.8795
5.4754, 11810.8795
5.7671, 11810.8795
6.0588, 11810.8795
6.3506, 11810.8795
6.6423, 11810.8795
6.934, 11810.8795
7.2257, 11810.8795
7.5173, 11810.8795
7.8091, 11810.8795
8.1008, 11810.8795
8.3926, 11810.8795
8.6843, 11810.8795
8.976, 11810.8795
9.2677, 11810.8795
9.5594, 11810.8795
9.8511, 11810.8795
10.1429, 11810.8795
10.4346, 11810.8795
10.7263, 11810.8795
11.018, 11810.8795
11.3096, 11810.8795
11.6014, 11810.8795
11.8931, 11810.8795
12.1849, 11810.8795
12.4766, 11810.8795
12.7683, 11810.8795
13.06, 11810.8795
13.3517, 11810.8795
13.6434, 11810.8795
13.9352, 11810.8795
14.2269, 11810.8795
14.5186, 11810.8795
14.8103, 11810.8795
15.102, 11810.8795
15.3937, 11810.8795
15.6854, 11810.8795
15.9771, 11810.8795
16.2689, 11810.8795
16.5606, 11810.8795
16.8523, 11810.8795
17.144, 11810.8795
17.4357, 11810.8795
17.7275, 11810.8795
18.0192, 11810.8795
18.3109, 11810.8795
18.6026, 11810.8795
18.8942, 11810.8795
19.186, 11810.8795
19.4777, 11810.8795
19.7694, 11810.8795
20.0612, 11810.8795
20.3529, 11810.8795
20.6446, 11810.8795
20.9363, 11810.8795
21.228, 11810.8795
21.5197, 11810.8795
21.8115, 11810.8795
22.1032, 11810.8795
22.3949, 11810.8795
22.6865, 11810.8795
22.9783, 11810.8795
23.27, 11810.8795
23.5617, 11810.8795
23.8535, 11810.8795
24.1452, 11810.8795
24.4369, 11810.8795
24.7286, 11810.8795
25.0203, 11810.8795
25.312, 11810.8795
25.6038, 11810.8795
25.8955, 11810.8795
26.1872, 11810.8795
26.4788, 11810.8795
26.7706, 11810.8795
27.0623, 11810.8795
27.3541, 11810.8795
27.6458, 11810.8795
27.9375, 11810.8795
28.2292, 11810.8795
28.5209, 11810.8795
28.8126, 11810.8795
29.1043, 11810.8795
29.3961, 11810.8795
29.6878, 11810.8795
29.9795, 11810.8795
30.2711, 11810.8795
30.5629, 11810.8795
30.8546, 11810.8795
31.1464, 11810.8795
31.4381, 11810.8795
31.7298, 11810.8795
32.0215, 11810.8795
32.3132, 11810.8795
32.6049, 11810.8795
32.8965, 11810.8795
33.1884, 11810.8795
33.4801, 11810.8795
33.7718, 11810.8795
34.0635, 11810.8795
34.3552, 11810.8795
34.6469, 11810.8795
34.9386, 11810.8795
35.2304, 11810.8795
35.5221, 11810.8795
35.8138, 11810.8795
36.1055, 11810.8795
36.3972, 11810.8795
36.6888, 11810.8795
36.9807, 11810.8795
37.2724, 11810.8795
37.5641, 11810.8795
37.8558, 11810.8795
38.1475, 11810.8795
38.4392, 11810.8795
38.7309, 11810.8795
39.0227, 11810.8795
39.3144, 11810.8795
39.6061, 11810.8795
39.8978, 11810.8795
40.1895, 11810.8795
40.4812, 11810.8795
40.773, 11810.8795
41.0647, 11810.8795
41.3564, 11810.8795
41.6481, 11810.8795
41.9398, 11810.8795
42.2315, 11810.8795
42.5232, 11810.8795
42.8157, 11786.4769
43.1074, 11786.4769
43.3991, 11786.4769
43.6909, 11786.4769
43.9826, 11786.4769
44.2743, 11786.4769
44.5667, 11762.0742
44.8585, 11762.0742
45.1502, 11762.0742
45.4419, 11762.0742
45.7336, 11762.0742
46.0261, 11737.6716
46.3178, 11737.6716
46.6095, 11737.6716
46.9012, 11737.6716
47.1937, 11713.2689
47.4854, 11713.2689
47.7771, 11713.2689
48.0688, 11713.2689
48.3605, 11713.2689
48.653, 11688.8662
48.9447, 11688.8662
49.2364, 11688.8662
49.5281, 11688.8662
49.5289, 11664.4637
49.8213, 11640.061
49.8221, 11615.6583
49.8228, 11591.2557
50.1153, 11566.8531
50.116, 11542.4504
50.4085, 11518.0478
50.4092, 11493.6451
50.7017, 11469.2425
50.7024, 11444.8399
50.7031, 11420.4372
50.7039, 11396.0346
50.7046, 11371.6319
50.9971, 11347.2293
50.9978, 11322.8266
51.2903, 11298.424
51.291, 11274.0214
51.5835, 11249.6187
51.5842, 11225.2161
51.585, 11200.8134
51.8774, 11176.4108
51.8782, 11152.0081
52.1706, 11127.6055
52.1714, 11103.2028
52.4638, 11078.8002
52.4646, 11054.3976
52.757, 11029.9949
52.7578, 11005.5923
52.7585, 10981.1896
53.051, 10956.787
53.0517, 10932.3843
53.3442, 10907.9817
53.3449, 10883.5791
53.6373, 10859.1764
53.6381, 10834.7738
53.9304, 10810.3711
53.9313, 10785.9685
53.932, 10761.5657
54.2245, 10737.1632
54.2252, 10712.7605
54.5177, 10688.3578
54.5184, 10663.9553
54.8109, 10639.5526
54.8115, 10615.15
55.1041, 10590.7473
55.1048, 10566.3447
55.1056, 10541.942
55.398, 10517.5394
55.3988, 10493.1368
55.6912, 10468.7341
55.692, 10444.3315
55.9844, 10419.9287
55.9851, 10395.5262
56.2776, 10371.1235
56.2784, 10346.7208
56.2791, 10322.3183
56.5716, 10297.9156
56.5723, 10273.513
56.8648, 10249.1103
56.8655, 10224.7077
57.158, 10200.305
57.1587, 10175.9024
57.4512, 10151.4997
57.4519, 10127.0971
57.4526, 10102.6945
57.745, 10078.2918
57.7458, 10053.8892
58.0383, 10029.4865
58.3307, 10005.0839
58.3315, 9980.6812
58.6239, 9956.2786
58.6247, 9931.876
58.9171, 9907.4733
58.9179, 9883.0707
59.2103, 9858.668
59.5028, 9834.2654
59.5034, 9809.8627
59.796, 9785.4601
59.7967, 9761.0574
59.7974, 9736.6548
60.0899, 9712.2522
60.3824, 9687.8495
60.3831, 9663.4469
60.6756, 9639.0442
60.6763, 9614.6416
60.9687, 9590.2389
60.9695, 9565.8363
61.262, 9541.4337
61.2627, 9517.031
61.5552, 9492.6284
61.8476, 9468.2257
61.8484, 9443.8231
62.1408, 9419.4203
62.1416, 9395.0178
62.434, 9370.6151
62.4348, 9346.2125
62.7271, 9321.8098
62.728, 9297.4072
63.0204, 9273.0046
63.0212, 9248.6019
63.3136, 9224.1993
63.3144, 9199.7966
63.6068, 9175.394
63.8993, 9150.9914
63.9, 9126.5887
64.1925, 9102.1861
64.1932, 9077.7833
64.4857, 9053.3808
64.4864, 9028.9781
64.7789, 9004.5755
64.7795, 8980.1729
65.0721, 8955.7702
65.3645, 8931.3676
65.3653, 8906.9649
65.6577, 8882.5623
65.6585, 8858.1596
65.9508, 8833.757
66.2434, 8809.3543
66.2441, 8784.9517
66.5366, 8760.5491
66.8291, 8736.1464
66.8298, 8711.7438
67.1222, 8687.3411
67.4147, 8662.9385
67.4154, 8638.5358
67.7079, 8614.1332
68.0004, 8589.7306
68.0011, 8565.3279
68.2936, 8540.9253
68.5859, 8516.5226
68.8784, 8492.12
68.8792, 8467.7173
69.1717, 8443.3147
69.4641, 8418.912
69.4649, 8394.5093
69.7572, 8370.1068
70.0498, 8345.7041
70.0505, 8321.3014
70.343, 8296.8988
70.6354, 8272.4962
70.9279, 8248.0935
70.9285, 8223.6909
71.2211, 8199.2883
71.5135, 8174.8856
71.5143, 8150.483
71.8067, 8126.0803
72.0992, 8101.6777
72.0999, 8077.275
72.3924, 8052.8723
72.6848, 8028.4698
72.9773, 8004.0671
72.9781, 7979.6644
73.2705, 7955.2618
73.563, 7930.8592
73.5636, 7906.4565
73.8561, 7882.0539
74.1486, 7857.6512
74.4411, 7833.2486
74.7335, 7808.846
74.7343, 7784.4433
75.0267, 7760.0407
75.3192, 7735.638
75.6117, 7711.2354
75.9041, 7686.8327
76.1966, 7662.4301
76.4889, 7638.0275
76.7814, 7613.6248
76.7822, 7589.2222
77.0747, 7564.8195
77.3671, 7540.4169
77.6596, 7516.0142
77.952, 7491.6116
78.2445, 7467.2089
78.537, 7442.8063
78.8294, 7418.4037
78.8302, 7394.001
79.1226, 7369.5984
79.4151, 7345.1957
79.7075, 7320.7931
80.0, 7296.3904
80.2924, 7271.9878
80.5849, 7247.5852
80.8774, 7223.1825
80.878, 7198.7799
81.1706, 7174.3772
81.463, 7149.9746
81.7555, 7125.5718
82.0479, 7101.1693
82.3404, 7076.7666
82.6328, 7052.3639
82.9253, 7027.9614
83.2178, 7003.5587
83.5102, 6979.1561
83.8018, 6979.1561
84.0936, 6979.1561
84.0944, 6954.7534
84.386, 6954.7534
84.3868, 6930.3508
84.6785, 6930.3508
84.6793, 6905.9481
84.971, 6905.9481
85.2635, 6881.5455
85.5558, 6857.1429
85.8476, 6857.1429
86.1401, 6832.7402
86.4325, 6808.3376
86.725, 6783.9348
87.0175, 6759.5323
87.3099, 6735.1296
87.6024, 6710.7269
87.8948, 6686.3244
88.1873, 6661.9217
88.188, 6637.5191
88.4798, 6637.5191
88.4805, 6613.1164
88.7722, 6613.1164
88.773, 6588.7138
89.0647, 6588.7138
89.0654, 6564.3111
89.3571, 6564.3111
89.6496, 6539.9085
89.6503, 6515.5058
89.6511, 6491.1032
89.9435, 6466.7006
90.236, 6442.2979
90.5284, 6417.8953
90.8201, 6417.8953
91.1126, 6393.4926
91.4051, 6369.09
91.6975, 6344.6873
91.9891, 6344.6873
92.2809, 6344.6873
92.5727, 6344.6873
92.8651, 6320.2847
93.1576, 6295.882
93.4493, 6295.882
93.7418, 6271.4794
94.0342, 6247.0768
94.3267, 6222.6741
94.6191, 6198.2715
94.9108, 6198.2715
95.2033, 6173.8688
95.4957, 6149.4662
95.7882, 6125.0635
96.0799, 6125.0635
96.3724, 6100.6609
96.6648, 6076.2583
96.9573, 6051.8556
97.2497, 6027.453
97.5415, 6027.453
97.8338, 6003.0503
98.1264, 5978.6477
98.4181, 5978.6477
98.7106, 5954.245
99.003, 5929.8424
99.2955, 5905.4398
99.5872, 5905.4398
99.8796, 5881.0371
100.1721, 5856.6345
100.4638, 5856.6345
100.7563, 5832.2318
101.0487, 5807.8292
101.3404, 5807.8292
101.6329, 5783.4264
101.9254, 5759.0239
102.2171, 5759.0239
102.5095, 5734.6213
102.802, 5710.2186
103.0937, 5710.2186
103.3862, 5685.8159
103.6785, 5661.4133
103.9703, 5661.4133
104.2628, 5637.0107
104.5552, 5612.608
104.847, 5612.608
105.1394, 5588.2054
105.4311, 5588.2054
105.7236, 5563.8027
106.016, 5539.4001
106.3078, 5539.4001
106.6002, 5514.9975
106.8927, 5490.5948
107.1851, 5466.1922
107.4768, 5466.1922
107.7692, 5441.7894
108.061, 5441.7894
108.3535, 5417.3869
108.6452, 5417.3869
108.9376, 5392.9842
109.2301, 5368.5816
109.5218, 5368.5816
109.8143, 5344.179
110.106, 5344.179
110.3984, 5319.7763
110.6902, 5319.7763
110.9826, 5295.3737
111.2751, 5270.971
111.5668, 5270.971
111.8592, 5246.5684
112.151, 5246.5684
112.4434, 5222.1657
112.7351, 5222.1657
113.0276, 5197.7631
113.3193, 5197.7631
113.6118, 5173.3604
113.9042, 5148.9578
114.1959, 5148.9578
114.4884, 5124.5552
114.7801, 5124.5552
115.0726, 5100.1525
115.3643, 5100.1525
115.6566, 5075.7499
115.9484, 5075.7499
116.2409, 5051.3472
116.5326, 5051.3472
116.8251, 5026.9445
117.1168, 5026.9445
117.4092, 5002.5419
117.701, 5002.5419
117.9933, 4978.1393
118.2851, 4978.1393
118.5776, 4953.7367
118.8693, 4953.7367
119.161, 4953.7367
119.4535, 4929.334
119.7452, 4929.334
120.0377, 4904.9314
120.3294, 4904.9314
120.6218, 4880.5287
120.9135, 4880.5287
121.206, 4856.1261
121.4977, 4856.1261
121.7902, 4831.7234
122.0819, 4831.7234
122.3736, 4831.7234
122.6661, 4807.3208
122.9578, 4807.3208
123.2502, 4782.9181
123.5419, 4782.9181
123.8344, 4758.5154
124.1261, 4758.5154
124.4186, 4734.1129
124.7103, 4734.1129
125.0027, 4709.7102
125.2945, 4709.7102
125.5869, 4685.3075
125.8786, 4685.3075
126.1711, 4660.9049
126.4628, 4660.9049
126.7545, 4660.9049
127.047, 4636.5023
127.3387, 4636.5023
127.6311, 4612.0996
127.9229, 4612.0996
128.2153, 4587.697
128.507, 4587.697
128.7995, 4563.2944
129.0912, 4563.2944
129.3837, 4538.8917
129.6754, 4538.8917
129.967, 4538.8917
130.2596, 4514.4891
130.5513, 4514.4891
130.8437, 4490.0864
131.1354, 4490.0864
131.4279, 4465.6838
131.7196, 4465.6838
132.0121, 4441.2811
132.3038, 4441.2811
132.5955, 4441.2811
132.888, 4416.8784
133.1797, 4416.8784
133.4721, 4392.4759
133.7638, 4392.4759
134.0556, 4392.4759
134.3479, 4368.0732
134.6397, 4368.0732
134.9314, 4368.0732
135.2239, 4343.6705
135.5156, 4343.6705
135.8073, 4343.6705
136.0998, 4319.2679
136.3915, 4319.2679
136.684, 4294.8653
136.9757, 4294.8653
137.2674, 4294.8653
137.5598, 4270.4626
137.8516, 4270.4626
138.1433, 4270.4626
138.4357, 4246.06
138.7275, 4246.06
139.0192, 4246.06
139.3115, 4221.6573
139.6033, 4221.6573
139.8951, 4221.6573
140.1875, 4197.2547
140.4792, 4197.2547
140.7717, 4172.8521
141.0634, 4172.8521
141.3551, 4172.8521
141.6468, 4172.8521
141.9393, 4148.4494
142.231, 4148.4494
142.5234, 4124.0468
142.8152, 4124.0468
142.8159, 4099.6441
143.1076, 4099.6441
143.3993, 4099.6441
143.6911, 4099.6441
143.9835, 4075.2415
144.2752, 4075.2415
144.5669, 4075.2415
144.8594, 4050.8388
145.1511, 4050.8388
145.4428, 4050.8388
145.7346, 4050.8388
146.027, 4026.4362
146.3187, 4026.4362
146.6104, 4026.4362
146.9029, 4002.0336
147.1945, 4002.0336
147.487, 3977.6309
147.7788, 3977.6309
148.0705, 3977.6309
148.363, 3953.2283
148.6547, 3953.2283
148.9464, 3953.2283
149.2388, 3928.8256
149.5306, 3928.8256
149.8223, 3928.8256
150.1147, 3904.423
150.4064, 3904.423
150.6982, 3904.423
150.9906, 3880.0203
151.2823, 3880.0203
151.5739, 3880.0203
151.8658, 3880.0203
152.1582, 3855.6177
152.4499, 3855.6177
152.7416, 3855.6177
153.0334, 3855.6177
153.3251, 3855.6177
153.6175, 3831.215
153.9093, 3831.215
154.2017, 3806.8124
154.4934, 3806.8124
154.7851, 3806.8124
155.0776, 3782.4098
155.3693, 3782.4098
155.661, 3782.4098
155.9527, 3782.4098
156.2452, 3758.0071
156.5369, 3758.0071
156.8286, 3758.0071
157.1203, 3758.0071
157.4121, 3758.0071
157.7045, 3733.6045
157.9962, 3733.6045
158.2887, 3709.2018
158.5804, 3709.2018
158.8721, 3709.2018
159.1646, 3684.7992
159.4563, 3684.7992
159.748, 3684.7992
160.0397, 3684.7992
160.3314, 3684.7992
160.6239, 3660.3965
160.9156, 3660.3965
161.2073, 3660.3965
161.499, 3660.3965
161.7915, 3635.9939
162.0832, 3635.9939
162.3757, 3611.5913
162.6674, 3611.5913
162.959, 3611.5913
163.2508, 3611.5913
163.5433, 3587.1886
163.835, 3587.1886
164.1267, 3587.1886
164.4184, 3587.1886
164.7101, 3587.1886
165.0026, 3562.786
165.2943, 3562.786
165.5868, 3538.3833
165.8784, 3538.3833
166.1702, 3538.3833
166.4619, 3538.3833
166.7544, 3513.9807
167.0461, 3513.9807
167.3378, 3513.9807
167.6295, 3513.9807
167.922, 3489.5779
168.2137, 3489.5779
168.5053, 3489.5779
168.7971, 3489.5779
169.0888, 3489.5779
169.3813, 3465.1754
169.673, 3465.1754
169.9647, 3465.1754
170.2564, 3465.1754
170.5489, 3440.7728
170.8406, 3440.7728
171.1323, 3440.7728
171.424, 3440.7728
171.7165, 3416.37
172.0082, 3416.37
172.2999, 3416.37
172.5916, 3416.37
172.8841, 3391.9675
173.1758, 3391.9675
173.4675, 3391.9675
173.7591, 3391.9675
174.051, 3391.9675
174.3434, 3367.5648
174.6351, 3367.5648
174.9268, 3367.5648
175.2186, 3367.5648
175.511, 3343.1622
175.8027, 3343.1622
176.0944, 3343.1622
176.3862, 3343.1622
176.6785, 3318.7595
176.9703, 3318.7595
177.262, 3318.7595
177.5537, 3318.7595
177.8455, 3318.7595
178.1379, 3294.3569
178.4296, 3294.3569
178.7214, 3294.3569
179.0131, 3294.3569
179.3054, 3269.9542
179.5973, 3269.9542
179.889, 3269.9542
180.1807, 3269.9542
180.4731, 3245.5516
180.7649, 3245.5516
181.0566, 3245.5516
181.3483, 3245.5516
181.6407, 3221.149
181.9325, 3221.149
182.2242, 3221.149
182.5159, 3221.149
182.8075, 3221.149
183.0993, 3221.149
183.3918, 3196.7463
183.6835, 3196.7463
183.9752, 3196.7463
184.2669, 3196.7463
184.5586, 3196.7463
184.8511, 3172.3437
185.1428, 3172.3437
185.4344, 3172.3437
185.7262, 3172.3437
186.018, 3172.3437
186.3104, 3147.9409
186.6021, 3147.9409
186.8938, 3147.9409
187.1856, 3147.9409
187.4773, 3147.9409
187.7697, 3123.5384
188.0614, 3123.5384
188.3532, 3123.5384
188.6449, 3123.5384
188.9365, 3123.5384
189.2283, 3123.5384
189.5208, 3099.1357
189.8125, 3099.1357
190.1042, 3099.1357
190.3959, 3099.1357
190.6876, 3099.1357
190.9801, 3074.733
191.2718, 3074.733
191.5635, 3074.733
191.8552, 3074.733
192.1477, 3050.3305
192.4394, 3050.3305
192.7311, 3050.3305
193.0228, 3050.3305
193.3145, 3050.3305
193.607, 3025.9278
193.8987, 3025.9278
194.1904, 3025.9278
194.4821, 3025.9278
194.7739, 3025.9278
195.0656, 3025.9278
195.358, 3001.5252
195.6497, 3001.5252
195.9415, 3001.5252
196.2332, 3001.5252
196.5249, 3001.5252
196.8174, 2977.1225
197.1091, 2977.1225
197.4008, 2977.1225
197.6925, 2977.1225
197.9842, 2977.1225
198.2767, 2952.7199
198.5684, 2952.7199
198.8601, 2952.7199
199.1518, 2952.7199
199.4435, 2952.7199
199.7351, 2952.7199
200.0277, 2928.3172
200.3194, 2928.3172
200.6111, 2928.3172
200.9028, 2928.3172
201.1945, 2928.3172
201.4863, 2928.3172
201.778, 2928.3172
202.0705, 2903.9146
202.3622, 2903.9146
202.6539, 2903.9146
202.9456, 2903.9146
203.2373, 2903.9146
203.529, 2903.9146
203.8215, 2879.5119
204.1132, 2879.5119
204.4049, 2879.5119
204.6966, 2879.5119
204.9883, 2879.5119
205.2808, 2855.1093
205.5725, 2855.1093
205.8641, 2855.1093
206.1559, 2855.1093
206.4477, 2855.1093
206.7393, 2855.1093
207.0311, 2855.1093
207.3235, 2830.7067
207.6153, 2830.7067
207.907, 2830.7067
208.1987, 2830.7067
208.4904, 2830.7067
208.7821, 2830.7067
209.0738, 2830.7067
209.3663, 2806.304
209.658, 2806.304
209.9497, 2806.304
210.2414, 2806.304
210.5332, 2806.304
210.8249, 2806.304
211.1173, 2781.9014
211.409, 2781.9014
211.7008, 2781.9014
211.9925, 2781.9014
212.2842, 2781.9014
212.5767, 2757.4987
212.8683, 2757.4987
213.1601, 2757.4987
213.4518, 2757.4987
213.7435, 2757.4987
214.0352, 2757.4987
214.3277, 2733.0961
214.6194, 2733.0961
214.9111, 2733.0961
215.2028, 2733.0961
215.4945, 2733.0961
215.7863, 2733.0961
216.078, 2733.0961
216.3697, 2733.0961
216.6621, 2708.6934
216.9539, 2708.6934
217.2456, 2708.6934
217.5373, 2708.6934
217.829, 2708.6934
218.1207, 2708.6934
218.4123, 2708.6934
218.7048, 2684.2908
218.9966, 2684.2908
219.2883, 2684.2908
219.58, 2684.2908
219.8718, 2684.2908
220.1635, 2684.2908
220.4559, 2659.8881
220.7476, 2659.8881
221.0394, 2659.8881
221.3311, 2659.8881
221.6228, 2659.8881
221.9144, 2659.8881
222.2062, 2659.8881
222.4987, 2635.4855
222.7904, 2635.4855
223.0821, 2635.4855
223.3738, 2635.4855
223.6655, 2635.4855
223.9573, 2635.4855
224.249, 2635.4855
224.5407, 2635.4855
224.8331, 2611.0829
225.1249, 2611.0829
225.4166, 2611.0829
225.7083, 2611.0829
226.0, 2611.0829
226.2917, 2611.0829
226.5834, 2611.0829
226.8759, 2586.6802
227.1676, 2586.6802
227.4593, 2586.6802
227.751, 2586.6802
228.0428, 2586.6802
228.3345, 2586.6802
228.6269, 2562.2776
228.9186, 2562.2776
229.2104, 2562.2776
229.5021, 2562.2776
229.7938, 2562.2776
230.0855, 2562.2776
230.3772, 2562.2776
230.6697, 2537.8749
230.9614, 2537.8749
231.253, 2537.8749
231.5448, 2537.8749
231.8365, 2537.8749
232.1282, 2537.8749
232.42, 2537.8749
232.7117, 2537.8749
233.0034, 2537.8749
233.2951, 2537.8749
233.5876, 2513.4723
233.8793, 2513.4723
234.171, 2513.4723
234.4627, 2513.4723
234.7544, 2513.4723
235.0461, 2513.4723
235.3378, 2513.4723
235.6303, 2489.0695
235.922, 2489.0695
236.2137, 2489.0695
236.5055, 2489.0695
236.7972, 2489.0695
237.0889, 2489.0695
237.3806, 2489.0695
237.6731, 2464.667
237.9647, 2464.667
238.2565, 2464.667
238.5482, 2464.667
238.8399, 2464.667
239.1316, 2464.667
239.4234, 2464.667
239.7151, 2464.667
240.0068, 2464.667
240.2992, 2440.2644
240.591, 2440.2644
240.8827, 2440.2644
241.1743, 2440.2644
241.4661, 2440.2644
241.7578, 2440.2644
242.0495, 2440.2644
242.3413, 2440.2644
242.633, 2440.2644
242.9254, 2415.8617
243.2171, 2415.8617
243.5089, 2415.8617
243.8006, 2415.8617
244.0923, 2415.8617
244.384, 2415.8617
244.6757, 2415.8617
244.9682, 2391.4591
245.2599, 2391.4591
245.5516, 2391.4591
245.8433, 2391.4591
246.135, 2391.4591
246.4267, 2391.4591
246.7185, 2391.4591
247.0102, 2391.4591
247.3026, 2367.0564
247.5943, 2367.0564
247.886, 2367.0564
248.1778, 2367.0564
248.4695, 2367.0564
248.7612, 2367.0564
249.0529, 2367.0564
249.3446, 2367.0564
249.6364, 2367.0564
249.9287, 2342.6538
250.2205, 2342.6538
250.5122, 2342.6538
250.804, 2342.6538
251.0957, 2342.6538
251.3874, 2342.6538
251.6791, 2342.6538
251.9708, 2342.6538
252.2625, 2342.6538
252.5543, 2342.6538
252.8467, 2318.2511
253.1384, 2318.2511
253.4301, 2318.2511
253.7219, 2318.2511
254.0136, 2318.2511
254.3053, 2318.2511
254.597, 2318.2511
254.8895, 2293.8485
255.1812, 2293.8485
255.4729, 2293.8485
255.7646, 2293.8485
256.0571, 2269.4459
256.3488, 2269.4459
