#DataThief Tuesday 24-Sep-2019 6:06:15 PM
3.1865, 8611.9325
3.4792, 8587.4964
3.7709, 8587.525
4.0626, 8587.5535
4.3543, 8587.5821
4.646, 8587.6106
4.9377, 8587.6392
5.2294, 8587.6677
5.5211, 8587.6963
5.8129, 8587.7248
6.1046, 8587.7534
6.3963, 8587.7819
6.688, 8587.8104
6.9797, 8587.839
7.2713, 8587.8675
7.5632, 8587.8961
7.8549, 8587.9245
8.1466, 8587.9532
8.4383, 8587.9817
8.73, 8588.0103
9.0217, 8588.0388
9.3134, 8588.0674
9.6052, 8588.0959
9.8969, 8588.1245
10.1886, 8588.153
10.4803, 8588.1816
10.772, 8588.2101
11.0637, 8588.2387
11.3554, 8588.2671
11.6472, 8588.2957
11.9388, 8588.3243
12.2306, 8588.3528
12.5223, 8588.3814
12.814, 8588.4099
13.1057, 8588.4385
13.3974, 8588.467
13.6892, 8588.4956
13.9809, 8588.5241
14.2726, 8588.5527
14.5643, 8588.5812
14.8559, 8588.6098
15.1477, 8588.6383
15.4394, 8588.6669
15.7311, 8588.6954
16.0229, 8588.724
16.3146, 8588.7525
16.6063, 8588.781
16.898, 8588.8096
17.1897, 8588.838
17.4814, 8588.8667
17.7732, 8588.8952
18.0649, 8588.9238
18.3566, 8588.9523
18.6482, 8588.9809
18.94, 8589.0094
19.2317, 8589.038
19.5234, 8589.0665
19.8152, 8589.0951
20.1069, 8589.1236
20.3986, 8589.1522
20.6903, 8589.1807
20.982, 8589.2092
21.2737, 8589.2378
21.5654, 8589.2663
21.8572, 8589.2949
22.1489, 8589.3234
22.4405, 8589.3519
22.7323, 8589.3805
23.024, 8589.4091
23.3157, 8589.4376
23.6074, 8589.4662
23.8992, 8589.4947
24.1909, 8589.5232
24.4826, 8589.5518
24.7743, 8589.5804
25.066, 8589.6089
25.3577, 8589.6375
25.6494, 8589.666
25.9412, 8589.6945
26.2328, 8589.7231
26.5246, 8589.7516
26.8163, 8589.7802
27.108, 8589.8087
27.3997, 8589.8373
27.6914, 8589.8658
27.9832, 8589.8944
28.2749, 8589.9229
28.5666, 8589.9515
28.8582, 8589.98
29.15, 8590.0086
29.4417, 8590.0371
29.7334, 8590.0657
30.0252, 8590.0942
30.3169, 8590.1228
30.6086, 8590.1513
30.9003, 8590.1798
31.192, 8590.2084
31.4837, 8590.2368
31.7753, 8590.2655
32.0672, 8590.294
32.3589, 8590.3226
32.6505, 8590.3511
32.9423, 8590.3797
33.234, 8590.4082
33.5257, 8590.4368
33.8174, 8590.4653
34.1092, 8590.4939
34.4009, 8590.5224
34.6926, 8590.551
34.9843, 8590.5795
35.276, 8590.608
35.5676, 8590.6366
35.8594, 8590.6651
36.1512, 8590.6937
36.4429, 8590.7222
36.7346, 8590.7508
37.0263, 8590.7793
37.318, 8590.8079
37.6097, 8590.8364
37.9014, 8590.865
38.1932, 8590.8935
38.4849, 8590.9221
38.7766, 8590.9506
39.0683, 8590.9792
39.3599, 8591.0077
39.6517, 8591.0363
39.9434, 8591.0648
40.2352, 8591.0933
40.5269, 8591.1219
40.8186, 8591.1504
41.1103, 8591.179
41.402, 8591.2075
41.6937, 8591.2361
41.9854, 8591.2646
42.2772, 8591.2932
42.5689, 8591.3216
42.8606, 8591.3503
43.1532, 8566.9141
43.4449, 8566.9426
43.7366, 8566.9712
44.0283, 8566.9997
44.3209, 8542.5635
44.6127, 8542.592
44.9043, 8542.6206
45.1961, 8542.6492
45.4878, 8542.6777
45.7795, 8542.7063
46.0721, 8518.2701
46.3638, 8518.2986
46.6555, 8518.3271
46.9473, 8518.3557
47.2399, 8493.9195
47.5316, 8493.948
47.8233, 8493.9766
48.115, 8494.0051
48.4067, 8494.0337
48.6993, 8469.5975
48.991, 8469.626
49.2828, 8469.6545
49.5754, 8445.2184
49.8679, 8420.7822
50.1606, 8396.346
50.1615, 8371.8812
50.4541, 8347.445
50.455, 8322.9803
50.7476, 8298.5441
51.0402, 8274.1078
51.0411, 8249.6432
51.3336, 8225.207
51.6263, 8200.7708
51.9189, 8176.3346
51.9198, 8151.8698
52.2124, 8127.4336
52.505, 8102.9973
52.5059, 8078.5327
52.5068, 8054.0679
52.5077, 8029.6032
52.8003, 8005.167
53.0929, 7980.7308
53.3855, 7956.2946
53.3864, 7931.8298
53.679, 7907.3937
53.9716, 7882.9575
53.9725, 7858.4927
54.2651, 7834.0565
54.5577, 7809.6202
54.5586, 7785.1556
54.8512, 7760.7194
55.1438, 7736.2832
55.1447, 7711.8184
55.4373, 7687.3822
55.7299, 7662.946
56.0225, 7638.5098
56.0234, 7614.0451
56.316, 7589.6089
56.3169, 7565.1442
56.6095, 7540.708
56.9021, 7516.2718
56.903, 7491.807
57.1956, 7467.3708
57.4882, 7442.9346
57.4891, 7418.4699
57.7816, 7394.0337
58.0743, 7369.5975
58.3669, 7345.1613
58.3678, 7320.6965
58.6604, 7296.2603
58.6613, 7271.7955
58.9529, 7271.8242
59.2456, 7247.388
59.2465, 7222.9232
59.5391, 7198.487
59.54, 7174.0223
59.8326, 7149.5861
60.1252, 7125.1499
60.4179, 7100.7137
60.7105, 7076.2775
60.7114, 7051.8127
61.004, 7027.3765
61.0049, 7002.9118
61.2974, 6978.4756
61.5901, 6954.0394
61.8827, 6929.6032
61.8836, 6905.1385
62.1762, 6880.7023
62.4687, 6856.2661
62.7614, 6831.8298
62.7623, 6807.3651
63.0549, 6782.9289
63.3475, 6758.4927
63.3484, 6734.028
63.641, 6709.5918
63.9336, 6685.1556
64.2262, 6660.7194
64.2271, 6636.2546
64.5197, 6611.8184
64.8123, 6587.3822
65.1049, 6562.946
65.1058, 6538.4813
65.3984, 6514.0451
65.3993, 6489.5804
65.6919, 6465.1442
65.9845, 6440.708
66.2771, 6416.2718
66.5697, 6391.8356
66.8622, 6367.3994
67.1549, 6342.9632
67.4475, 6318.527
67.7402, 6294.0908
67.741, 6269.626
68.0336, 6245.1898
68.3263, 6220.7536
68.6189, 6196.3174
68.9115, 6171.8812
69.2041, 6147.445
69.4967, 6123.0088
69.7893, 6098.5727
70.0819, 6074.1365
70.0828, 6049.6717
70.3754, 6025.2355
70.6671, 6025.2641
70.9597, 6000.8279
70.9606, 5976.3631
71.2532, 5951.9268
71.5457, 5927.4907
71.8384, 5903.0545
72.131, 5878.6183
72.4236, 5854.1821
72.7162, 5829.7459
73.0088, 5805.3096
73.3014, 5780.8735
73.3023, 5756.4088
73.595, 5731.9726
73.8876, 5707.5364
74.1802, 5683.1002
74.4727, 5658.664
74.7654, 5634.2278
75.0571, 5634.2564
75.3488, 5634.2849
75.3497, 5609.8202
75.6414, 5609.8487
75.6423, 5585.384
75.934, 5585.4125
76.2257, 5585.4411
76.5183, 5561.0049
76.8109, 5536.5687
77.1036, 5512.1325
77.3961, 5487.6963
77.6888, 5463.2601
77.9814, 5438.8239
78.274, 5414.3877
78.5657, 5414.4162
78.5666, 5389.9515
78.8592, 5365.5152
79.1509, 5365.5438
79.4435, 5341.1076
79.7361, 5316.6714
80.0287, 5292.2352
80.3213, 5267.799
80.6139, 5243.3628
80.9057, 5243.3914
81.1983, 5218.9552
81.1992, 5194.4904
81.4918, 5170.0542
81.7835, 5170.0828
82.0761, 5145.6465
82.3687, 5121.2104
82.6613, 5096.7742
82.9529, 5096.8027
83.2456, 5072.3665
83.5382, 5047.9303
83.8308, 5023.4941
84.1225, 5023.5227
84.4151, 4999.0865
84.7078, 4974.6503
85.0004, 4950.2141
85.2921, 4950.2426
85.5847, 4925.8065
85.8773, 4901.3703
86.169, 4901.3988
86.4616, 4876.9626
86.7542, 4852.5264
87.0468, 4828.0902
87.3385, 4828.1188
87.6311, 4803.6825
87.9237, 4779.2464
88.2164, 4754.8102
88.5081, 4754.8387
88.8007, 4730.4025
89.0933, 4705.9663
89.385, 4705.9949
89.3859, 4681.5301
89.6785, 4657.0939
89.9702, 4657.1225
90.2628, 4632.6863
90.2637, 4608.2215
90.5554, 4608.2501
90.8479, 4583.8138
91.1406, 4559.3777
91.4332, 4534.9415
91.7258, 4510.5053
92.0176, 4510.5338
92.3102, 4486.0976
92.6019, 4486.1262
92.8944, 4461.69
93.1862, 4461.7185
93.1871, 4437.2538
93.4797, 4412.8176
93.7713, 4412.846
94.064, 4388.4099
94.3566, 4363.9737
