#DataThief Tuesday 24-Sep-2019 6:09:15 PM
9.5088, 3230.2883
9.8005, 3230.3169
10.0922, 3230.3454
10.384, 3230.374
10.6757, 3230.4025
10.9674, 3230.4311
11.2591, 3230.4596
11.5508, 3230.4882
11.8425, 3230.5167
12.1342, 3230.5452
12.426, 3230.5737
12.7177, 3230.6023
13.0094, 3230.6309
13.3011, 3230.6594
13.5928, 3230.688
13.8845, 3230.7165
14.1762, 3230.745
14.468, 3230.7736
14.7597, 3230.8022
15.0514, 3230.8307
15.3431, 3230.8593
15.6348, 3230.8878
15.9264, 3230.9163
16.2182, 3230.9449
16.51, 3230.9735
16.8016, 3231.002
17.0934, 3231.0305
17.3851, 3231.0591
17.6768, 3231.0876
17.9685, 3231.1162
18.2602, 3231.1447
18.552, 3231.1733
18.8437, 3231.2018
19.1354, 3231.2304
19.4271, 3231.2589
19.7187, 3231.2875
20.0105, 3231.316
20.3022, 3231.3446
20.5939, 3231.3731
20.8857, 3231.4017
21.1774, 3231.4302
21.4691, 3231.4586
21.7608, 3231.4873
22.0525, 3231.5158
22.3442, 3231.5444
22.636, 3231.5729
22.9277, 3231.6015
23.2194, 3231.63
23.511, 3231.6585
23.8028, 3231.6871
24.0945, 3231.7157
24.3862, 3231.7442
24.678, 3231.7728
24.9697, 3231.8013
25.2614, 3231.8298
25.5531, 3231.8584
25.8448, 3231.887
26.1365, 3231.9155
26.4282, 3231.944
26.72, 3231.9726
27.0117, 3232.0011
27.3034, 3232.0297
27.5951, 3232.0582
27.8868, 3232.0868
28.1785, 3232.1153
28.4702, 3232.1439
28.762, 3232.1724
29.0537, 3232.201
29.3454, 3232.2295
29.6371, 3232.2581
29.9287, 3232.2866
30.2205, 3232.3152
30.5122, 3232.3437
30.804, 3232.3723
31.0957, 3232.4008
31.3874, 3232.4293
31.6791, 3232.4579
31.9708, 3232.4864
32.2625, 3232.515
32.5542, 3232.5434
32.846, 3232.5721
33.1377, 3232.6006
33.4294, 3232.6292
33.721, 3232.6577
34.0128, 3232.6863
34.3045, 3232.7147
34.5962, 3232.7433
34.888, 3232.7719
35.1797, 3232.8005
35.4714, 3232.829
35.7631, 3232.8576
36.0548, 3232.886
36.3465, 3232.9146
36.6381, 3232.9432
36.93, 3232.9717
37.2217, 3233.0003
37.5133, 3233.0288
37.8051, 3233.0574
38.0968, 3233.0859
38.3885, 3233.1145
38.6802, 3233.143
38.972, 3233.1716
39.2637, 3233.2001
39.5554, 3233.2287
39.8471, 3233.2572
40.1388, 3233.2858
40.4304, 3233.3143
40.7222, 3233.3428
41.014, 3233.3714
41.3057, 3233.3999
41.5974, 3233.4285
41.8891, 3233.457
42.1808, 3233.4856
42.4725, 3233.5141
42.7642, 3233.5427
43.056, 3233.5712
43.3477, 3233.5998
43.6394, 3233.6282
43.9311, 3233.6569
44.2227, 3233.6854
44.5145, 3233.714
44.8062, 3233.7425
45.098, 3233.7711
45.3897, 3233.7995
45.6814, 3233.8281
45.9731, 3233.8567
46.2648, 3233.8852
46.5565, 3233.9138
46.8481, 3233.9423
47.14, 3233.9708
47.4317, 3233.9994
47.7234, 3234.028
48.0151, 3234.0565
48.3068, 3234.0851
48.5985, 3234.1136
48.8902, 3234.1421
49.182, 3234.1707
49.4737, 3234.1993
49.7654, 3234.2278
50.0571, 3234.2564
50.3488, 3234.2849
50.6404, 3234.3134
50.9322, 3234.342
51.224, 3234.3705
51.5157, 3234.3991
51.8074, 3234.4276
52.0991, 3234.4562
52.3908, 3234.4847
52.6825, 3234.5133
52.9742, 3234.5417
53.266, 3234.5704
53.5577, 3234.5989
53.8494, 3234.6275
54.1411, 3234.656
54.4328, 3234.6846
54.7245, 3234.713
55.0162, 3234.7417
55.308, 3234.7702
55.5997, 3234.7987
55.8914, 3234.8273
56.1831, 3234.8558
56.4748, 3234.8843
56.7665, 3234.9129
57.0582, 3234.9415
57.35, 3234.97
57.6417, 3234.9986
57.9334, 3235.0271
58.2251, 3235.0557
58.5168, 3235.0842
58.8085, 3235.1128
59.1002, 3235.1413
59.3919, 3235.1699
59.6837, 3235.1984
59.9754, 3235.2269
60.2671, 3235.2555
60.5588, 3235.284
60.8505, 3235.3126
61.1421, 3235.3411
61.4339, 3235.3697
61.7257, 3235.3982
62.0174, 3235.4268
62.3091, 3235.4553
62.6008, 3235.4839
62.8925, 3235.5124
63.1842, 3235.541
63.4759, 3235.5695
63.7677, 3235.5981
64.0594, 3235.6266
64.3511, 3235.6552
64.6428, 3235.6837
64.9344, 3235.7122
65.2262, 3235.7408
65.5179, 3235.7692
65.8096, 3235.7979
66.1014, 3235.8264
66.3931, 3235.855
66.6848, 3235.8835
66.9765, 3235.9121
67.2682, 3235.9405
67.5598, 3235.9691
67.8517, 3235.9977
68.1434, 3236.0263
68.4351, 3236.0548
68.7268, 3236.0834
69.0185, 3236.1118
69.3102, 3236.1405
69.6019, 3236.169
69.8937, 3236.1975
70.1854, 3236.2261
70.4771, 3236.2546
70.7688, 3236.2832
71.0605, 3236.3117
71.3522, 3236.3403
71.6439, 3236.3688
71.9357, 3236.3974
72.2274, 3236.4259
72.5191, 3236.4545
72.8108, 3236.483
73.1025, 3236.5116
73.3942, 3236.5401
73.6859, 3236.5687
73.9777, 3236.5972
74.2694, 3236.6257
74.5611, 3236.6543
74.8528, 3236.6827
75.1445, 3236.7114
75.4362, 3236.7399
75.7279, 3236.7685
76.0197, 3236.797
76.3114, 3236.8256
76.6031, 3236.854
76.8948, 3236.8827
77.1865, 3236.9112
77.4782, 3236.9398
77.7699, 3236.9683
78.0617, 3236.9969
78.3534, 3237.0254
78.6451, 3237.054
78.9367, 3237.0825
79.2285, 3237.111
79.5202, 3237.1396
79.8119, 3237.1681
80.1037, 3237.1967
80.3954, 3237.2252
80.6871, 3237.2538
80.9788, 3237.2823
81.2705, 3237.3109
81.5622, 3237.3394
81.8538, 3237.3679
82.1457, 3237.3965
82.4374, 3237.4251
82.729, 3237.4536
83.0208, 3237.4822
83.3134, 3213.046
83.6051, 3213.0745
83.8968, 3213.1031
84.1886, 3213.1316
84.4803, 3213.1601
84.772, 3213.1887
85.0646, 3188.7525
85.3563, 3188.781
85.648, 3188.8096
85.9397, 3188.838
86.2314, 3188.8667
86.5241, 3164.4304
86.8157, 3164.459
87.1075, 3164.4876
87.3992, 3164.5161
87.6909, 3164.5447
87.9835, 3140.1085
88.2752, 3140.137
88.5669, 3140.1656
88.8587, 3140.1941
89.1504, 3140.2227
89.4421, 3140.2511
89.7338, 3140.2798
90.0264, 3115.8436
90.3181, 3115.8721
90.6098, 3115.9007
90.9015, 3115.9292
91.1942, 3091.4929
91.4859, 3091.5215
91.7785, 3067.0854
92.0702, 3067.1139
92.3628, 3042.6777
92.6545, 3042.7063
92.9471, 3018.2701
93.2397, 2993.8338
93.5314, 2993.8624
93.8239, 2969.4262
94.1158, 2969.4548
94.4083, 2945.0186
94.7001, 2945.0471
94.9927, 2920.6109
95.2852, 2896.1747
95.577, 2896.2033
95.8696, 2871.7671
96.1613, 2871.7955
96.4539, 2847.3594
96.7456, 2847.388
97.0383, 2822.9518
97.3309, 2798.5156
97.6226, 2798.5441
97.9152, 2774.1078
98.2069, 2774.1365
98.4995, 2749.7003
98.7912, 2749.7288
99.0838, 2725.2926
99.3755, 2725.3212
99.6681, 2700.885
99.9599, 2700.9135
100.2525, 2676.4773
100.5442, 2676.5059
100.8359, 2676.5344
101.1285, 2652.0982
101.4202, 2652.1267
101.7128, 2627.6905
102.0045, 2627.7191
102.2971, 2603.2829
102.5889, 2603.3114
102.8815, 2578.8752
103.1732, 2578.9038
103.4649, 2578.9323
103.7574, 2554.4961
104.0492, 2554.5247
104.3409, 2554.5532
104.6335, 2530.117
104.9252, 2530.1456
105.2178, 2505.7094
105.5096, 2505.7379
105.8022, 2481.3017
106.0939, 2481.3303
106.3865, 2456.8941
106.6782, 2456.9226
106.9699, 2456.9512
107.2625, 2432.515
107.5542, 2432.5434
107.8468, 2408.1073
108.1386, 2408.1359
108.4303, 2408.1644
108.7229, 2383.7282
109.0146, 2383.7568
109.3063, 2383.7852
109.5989, 2359.3491
109.8906, 2359.3777
110.1823, 2359.4062
110.4741, 2359.4348
110.7667, 2334.9986
111.0584, 2335.0271
111.351, 2310.5909
111.6427, 2310.6195
111.9344, 2310.648
112.227, 2286.2118
112.5187, 2286.2404
112.8104, 2286.2689
113.1022, 2286.2974
113.3948, 2261.8613
113.6865, 2261.8898
113.9782, 2261.9184
114.2699, 2261.9468
114.5625, 2237.5107
114.8542, 2237.5393
115.1468, 2213.1031
115.4386, 2213.1316
115.7303, 2213.1601
116.0229, 2188.724
116.3146, 2188.7525
116.6063, 2188.781
116.898, 2188.8096
117.1897, 2188.838
117.4823, 2164.4019
117.7741, 2164.4304
118.0658, 2164.459
118.3575, 2164.4876
118.6492, 2164.5161
118.9418, 2140.0799
119.2335, 2140.1085
119.5261, 2115.6723
119.8178, 2115.7008
120.1095, 2115.7294
120.4013, 2115.7579
120.693, 2115.7865
120.9856, 2091.3503
121.2772, 2091.3788
121.569, 2091.4074
121.8616, 2066.9712
122.1533, 2066.9997
122.445, 2067.0283
122.7368, 2067.0568
123.0285, 2067.0854
123.3202, 2067.1139
123.6128, 2042.6777
123.9045, 2042.7063
124.1971, 2018.2701
124.4888, 2018.2986
124.7805, 2018.3271
125.0723, 2018.3557
125.3649, 1993.9195
125.6566, 1993.948
125.9483, 1993.9766
126.24, 1994.0051
126.5316, 1994.0337
126.8243, 1969.5975
127.116, 1969.626
127.4078, 1969.6545
127.6995, 1969.6831
127.9912, 1969.7117
128.2838, 1945.2755
128.5755, 1945.304
128.8681, 1920.8678
129.1598, 1920.8963
129.4515, 1920.9249
129.7433, 1920.9535
130.035, 1920.982
130.3276, 1896.5457
130.6193, 1896.5744
130.911, 1896.6029
131.2036, 1872.1667
131.4953, 1872.1953
131.787, 1872.2238
132.0788, 1872.2524
132.3705, 1872.2809
132.6622, 1872.3094
132.9548, 1847.8733
133.2465, 1847.9018
133.5391, 1823.4656
133.8308, 1823.4941
134.1225, 1823.5227
134.4143, 1823.5512
134.706, 1823.5798
134.9977, 1823.6082
135.2894, 1823.6369
135.5811, 1823.6654
135.8737, 1799.2292
136.1654, 1799.2578
136.4571, 1799.2863
136.7489, 1799.3149
137.0415, 1774.8787
137.3332, 1774.9072
137.6249, 1774.9358
137.9165, 1774.9643
138.2083, 1774.9929
138.5, 1775.0214
138.7917, 1775.05
139.0844, 1750.6138
139.3761, 1750.6423
139.6678, 1750.6709
139.9604, 1726.2347
140.2521, 1726.2631
140.5438, 1726.2917
140.8355, 1726.3203
141.1272, 1726.3488
141.419, 1726.3774
141.7116, 1701.9412
142.0033, 1701.9697
142.295, 1701.9983
142.5867, 1702.0268
142.8784, 1702.0554
143.1701, 1702.0839
143.4627, 1677.6477
143.7545, 1677.6763
144.0462, 1677.7048
144.3378, 1677.7334
144.6296, 1677.7619
144.9222, 1653.3256
145.2139, 1653.3543
145.5056, 1653.3828
145.7974, 1653.4114
146.09, 1628.9752
146.3817, 1629.0037
146.6734, 1629.0323
146.9651, 1629.0608
147.2568, 1629.0894
147.5485, 1629.1179
147.8411, 1604.6817
148.1329, 1604.7102
148.4245, 1604.7388
148.7163, 1604.7673
149.008, 1604.7959
149.2997, 1604.8244
149.5914, 1604.853
149.884, 1580.4168
150.1757, 1580.4453
150.4675, 1580.4739
150.7591, 1580.5024
151.0509, 1580.531
151.3426, 1580.5594
151.6343, 1580.588
151.9268, 1556.1519
152.2186, 1556.1804
152.5103, 1556.209
152.8021, 1556.2375
153.0947, 1531.8013
153.3864, 1531.8298
153.6781, 1531.8584
153.9698, 1531.887
154.2615, 1531.9155
154.5532, 1531.944
154.845, 1531.9726
155.1376, 1507.5364
155.4293, 1507.5649
155.721, 1507.5935
156.0127, 1507.6219
156.3044, 1507.6505
156.596, 1507.6791
156.8878, 1507.7077
157.1796, 1507.7362
157.4722, 1483.3
157.7639, 1483.3286
158.0556, 1483.3571
158.3473, 1483.3857
158.639, 1483.4142
158.9316, 1458.978
159.2233, 1459.0066
159.5151, 1459.0351
159.8068, 1459.0637
160.0985, 1459.0922
160.3902, 1459.1208
160.6827, 1434.6846
160.9745, 1434.713
161.2662, 1434.7417
161.558, 1434.7702
161.8497, 1434.7987
162.1414, 1434.8273
162.4331, 1434.8558
162.7248, 1434.8843
163.0174, 1410.4482
163.3091, 1410.4767
163.6008, 1410.5053
163.8925, 1410.5338
164.1843, 1410.5624
164.476, 1410.5909
164.7677, 1410.6195
165.0594, 1410.648
165.3519, 1386.2118
165.6437, 1386.2404
165.9354, 1386.2689
166.2272, 1386.2974
166.5189, 1386.326
166.8106, 1386.3546
167.1032, 1361.9184
167.3949, 1361.9468
167.6865, 1361.9754
167.9783, 1362.004
168.2701, 1362.0325
168.5617, 1362.0611
168.8535, 1362.0896
169.1452, 1362.1182
169.4369, 1362.1467
169.7286, 1362.1753
170.0212, 1337.7391
170.3129, 1337.7675
170.6047, 1337.7962
170.8963, 1337.8247
171.1881, 1337.8533
171.4798, 1337.8818
171.7715, 1337.9104
172.0632, 1337.9388
172.3549, 1337.9675
172.6467, 1337.996
172.9384, 1338.0246
173.2301, 1338.0531
173.5227, 1313.6169
173.8144, 1313.6454
174.1061, 1313.674
174.3978, 1313.7025
174.6896, 1313.7311
174.9813, 1313.7596
175.273, 1313.7882
175.5647, 1313.8167
175.8564, 1313.8453
176.1481, 1313.8738
176.4398, 1313.9024
176.7316, 1313.9308
177.0242, 1289.4947
177.3159, 1289.5232
177.6076, 1289.5518
177.8993, 1289.5804
178.191, 1289.6089
178.4827, 1289.6375
178.7753, 1265.2013
179.067, 1265.2298
179.3588, 1265.2583
179.6505, 1265.2869
179.9422, 1265.3154
180.2339, 1265.3439
180.5255, 1265.3725
180.8173, 1265.4011
181.109, 1265.4296
181.4008, 1265.4582
181.6934, 1241.022
181.9851, 1241.0505
182.2768, 1241.0791
182.5685, 1241.1076
182.8601, 1241.1362
183.1519, 1241.1647
183.4437, 1241.1933
183.7354, 1241.2218
184.0271, 1241.2504
184.3188, 1241.2789
184.6105, 1241.3075
184.9022, 1241.336
185.1939, 1241.3645
185.4865, 1216.9283
185.7783, 1216.9569
186.07, 1216.9854
186.3617, 1217.014
186.6534, 1217.0425
186.9451, 1217.0711
187.2368, 1217.0996
187.5285, 1217.1282
187.8203, 1217.1567
188.112, 1217.1853
188.4037, 1217.2138
188.6954, 1217.2424
188.988, 1192.8062
189.2797, 1192.8347
189.5714, 1192.8633
189.8632, 1192.8918
190.1549, 1192.9203
190.4466, 1192.9489
190.7391, 1168.5127
191.0309, 1168.5413
191.3226, 1168.5697
191.6143, 1168.5983
191.906, 1168.6269
192.1978, 1168.6554
192.4895, 1168.684
192.7812, 1168.7125
193.0729, 1168.741
193.3646, 1168.7696
193.6562, 1168.7982
193.9489, 1144.362
194.2407, 1144.3905
194.5324, 1144.4191
194.8241, 1144.4476
195.1158, 1144.4762
195.4075, 1144.5047
195.6992, 1144.5333
195.9909, 1144.5617
196.2827, 1144.5904
196.5744, 1144.6189
196.866, 1144.6474
197.1578, 1144.676
197.4495, 1144.7045
197.7421, 1120.2683
198.0338, 1120.2969
198.3255, 1120.3254
198.6173, 1120.354
198.909, 1120.3825
199.2006, 1120.4111
199.4924, 1120.4396
199.7841, 1120.4682
200.0758, 1120.4967
200.3675, 1120.5253
200.6593, 1120.5537
200.951, 1120.5824
201.2427, 1120.6109
201.5344, 1120.6395
201.826, 1120.668
202.1187, 1096.2318
202.4104, 1096.2603
202.7021, 1096.2889
202.9939, 1096.3174
203.2856, 1096.346
203.5773, 1096.3745
203.869, 1096.4031
204.1616, 1071.9668
204.4533, 1071.9954
204.745, 1072.024
205.0368, 1072.0525
205.3285, 1072.0811
205.6202, 1072.1096
205.9119, 1072.1381
206.2036, 1072.1667
206.4953, 1072.1953
206.787, 1072.2238
207.0788, 1072.2524
207.3705, 1072.2809
207.6622, 1072.3094
207.9539, 1072.338
208.2465, 1047.9018
208.5382, 1047.9303
208.8298, 1047.9588
209.1216, 1047.9874
209.4134, 1048.016
209.705, 1048.0445
209.9968, 1048.0731
210.2885, 1048.1016
210.5802, 1048.1302
210.8719, 1048.1587
211.1636, 1048.1873
211.4554, 1048.2158
211.7471, 1048.2444
212.0388, 1048.2729
212.3305, 1048.3014
212.6221, 1048.33
212.9148, 1023.8938
213.2065, 1023.9224
213.4983, 1023.9508
213.79, 1023.9794
214.0817, 1024.008
214.3734, 1024.0365
214.6651, 1024.0651
214.9567, 1024.0936
215.2485, 1024.1222
215.5403, 1024.1507
215.8319, 1024.1793
216.1237, 1024.2078
216.4154, 1024.2364
216.7071, 1024.2649
216.9988, 1024.2934
217.2905, 1024.322
217.5823, 1024.3506
217.8749, 999.9144
218.1666, 999.9428
218.4583, 999.9715
218.75, 1000.0
219.0417, 1000.0285
219.3334, 1000.0571
219.6251, 1000.0856
219.9169, 1000.1142
220.2095, 975.678
220.5011, 975.7065
220.7929, 975.7351
221.0846, 975.7635
221.3763, 975.7922
221.668, 975.8207
221.9597, 975.8493
222.2515, 975.8778
222.5432, 975.9064
222.8349, 975.9348
223.1266, 975.9635
223.4183, 975.992
223.71, 976.0206
224.0017, 976.0491
224.2934, 976.0776
224.5852, 976.1062
224.8769, 976.1347
225.1695, 951.6985
225.4612, 951.7271
225.7529, 951.7556
226.0446, 951.7842
226.3364, 951.8127
226.628, 951.8413
226.9198, 951.8698
227.2115, 951.8984
227.5032, 951.9268
227.7949, 951.9555
228.0866, 951.984
228.3784, 952.0126
228.6701, 952.0411
228.9618, 952.0697
229.2535, 952.0982
229.5452, 952.1267
229.8369, 952.1553
230.1286, 952.1838
230.4212, 927.7476
230.713, 927.7762
231.0047, 927.8047
231.2964, 927.8333
231.588, 927.8618
231.8798, 927.8904
232.1715, 927.9189
232.4632, 927.9475
232.755, 927.976
233.0467, 928.0046
233.3384, 928.0331
233.6301, 928.0617
233.9218, 928.0902
234.2135, 928.1188
234.5051, 928.1473
234.797, 928.1758
235.0887, 928.2044
235.3804, 928.2328
235.673, 903.7967
235.9647, 903.8253
236.2564, 903.8538
236.5481, 903.8824
236.8399, 903.9109
237.1316, 903.9395
237.4233, 903.968
237.7149, 903.9966
238.0067, 904.0251
238.2993, 879.5889
238.591, 879.6175
238.8827, 879.646
239.1745, 879.6745
239.4662, 879.7031
239.7579, 879.7317
240.0496, 879.7602
240.3413, 879.7888
240.633, 879.8173
240.9247, 879.8458
241.2165, 879.8744
241.5082, 879.9029
241.7999, 879.9315
242.0916, 879.96
242.3833, 879.9886
242.675, 880.0171
242.9667, 880.0457
243.2585, 880.0742
243.5511, 855.638
243.8428, 855.6665
244.1345, 855.6951
244.4262, 855.7237
244.7179, 855.7522
245.0096, 855.7808
245.3013, 855.8093
245.5931, 855.8378
245.8848, 855.8664
246.1764, 855.8949
246.4682, 855.9235
246.7599, 855.952
247.0516, 855.9806
247.3433, 856.0091
247.6351, 856.0377
247.9268, 856.0662
248.2185, 856.0948
248.5102, 856.1233
248.8018, 856.1519
249.0936, 856.1804
249.3853, 856.209
249.6771, 856.2375
249.9687, 856.2661
250.2614, 831.8298
250.5531, 831.8584
250.8448, 831.887
251.1365, 831.9155
251.4282, 831.944
251.72, 831.9726
252.0117, 832.0011
252.3034, 832.0297
252.5951, 832.0582
252.8868, 832.0868
253.1785, 832.1153
253.4702, 832.1439
253.762, 832.1724
254.0537, 832.201
254.3454, 832.2295
254.6371, 832.2581
254.9287, 832.2866
255.2205, 832.3152
255.5122, 832.3437
255.804, 832.3723
256.0966, 807.9361
256.3883, 807.9646
256.68, 807.9931
256.9717, 808.0217
